00405
00435
00625
00778
00808
00820
00823
00890
00964
01012
01077
01078
01153
01275
01350
01425
01426
01437
01453
01457
01479
01485
01493
01514
01535
01537
01562
01604
01607
01646
01687
01881
02031
02527
02568
02581
02778
02800
02801
02802
02805
02808
02811
02816
02817
02819
02821
02822
02823
02824
02825
02827
02828
02829
02832
02833
02834
02835
02836
02838
02839
02840
02841
02844
02846
02847
02848
03001
03002
03005
03006
03007
03008
03009
03010
03011
03012
03013
03015
03016
03017
03019
03020
03021
03024
03025
03026
03027
03029
03031
03035
03036
03037
03039
03040
03041
03043
03045
03046
03048
03049
03050
03052
03054
03055
03056
03057
03060
03061
03062
03063
03065
03069
03070
03072
03073
03074
03081
03082
03084
03085
03086
03087
03089
03090
03091
03092
03095
03097
03098
03099
03100
03101
03102
03105
03106
03107
03110
03118
03120
03121
03122
03124
03126
03127
03128
03129
03132
03134
03135
03136
03137
03139
03140
03141
03143
03145
03146
03147
03149
03150
03155
03156
03157
03160
03161
03162
03165
03170
03171
03175
03177
03180
03188
03199
06178
06186
07202
07250
07255
07311
07326
07335
08015
08335
